44 
56 
52 
82 
50 
42 
41 
76 
42 
63 
33 
77 
45 
36 
48 
69 
47 
48 
42 
90 
46 
45 
38 
81 
41 
50 
53 
73 
51 
50 
52 
96 
44 
52 
61 
77 
31 
53 
40 
87 
34 
57 
54 
65 
49 
53 
47 
96 
45 
54 
39 
75 
58 
47 
49 
74 
41 
42 
46 
93 
47 
49 
43 
71 
42 
52 
46 
62 
53 
56 
47 
64 
51 
46 
54 
80 
44 
49 
49 
74 
39 
48 
49 
67 
48 
49 
43 
77 
53 
51 
56 
66 
53 
56 
36 
74 
46 
51 
42 
75 
45 
39 
44 
86 
45 
56 
50 
85 
43 
57 
51 
70 
46 
36 
54 
70 
66 
40 
48 
90 
45 
54 
46 
71 
48 
51 
61 
88 
37 
38 
45 
83 
41 
39 
46 
71 
44 
48 
56 
94 
49 
55 
45 
84 
45 
48 
51 
73 
58 
41 
42 
71 
55 
38 
36 
71 
54 
61 
48 
89 
47 
41 
35 
75 
39 
56 
49 
88 
57 
44 
48 
64 
51 
50 
38 
88 
47 
47 
45 
74 
49 
44 
32 
67 
47 
49 
46 
83 
53 
41 
51 
75 
58 
39 
45 
66 
46 
47 
32 
72 
46 
57 
42 
85 
47 
43 
41 
79 
51 
45 
55 
83 
55 
47 
53 
62 
51 
43 
50 
86 
59 
51 
49 
71 
48 
48 
49 
78 
52 
47 
40 
71 
56 
57 
42 
108 
45 
42 
36 
96 
59 
52 
43 
79 
43 
55 
48 
93 
42 
47 
49 
81 
34 
35 
48 
68 
42 
55 
47 
81 
56 
51 
52 
106 
37 
56 
57 
79 
45 
41 
49 
73 
41 
56 
50 
79 
40 
46 
46 
94 
37 
51 
46 
76 
35 
55 
37 
75 
56 
50 
43 
78 
53 
35 
39 
92 
52 
55 
56 
77 
62 
47 
49 
78 
52 
47 
53 
95 
40 
57 
42 
60 
39 
38 
46 
104 
44 
55 
40 
82 
47 
37 
40 
65 
38 
59 
48 
93 
36 
58 
47 
65 
37 
46 
43 
89 
51 
42 
48 
70 
45 
44 
49 
65 
59 
59 
37 
73 
44 
56 
38 
64 
40 
37 
44 
69 
48 
42 
35 
74 
52 
44 
45 
82 
43 
48 
60 
71 
39 
52 
39 
68 
40 
48 
43 
86 
49 
45 
38 
69 
45 
56 
48 
78 
56 
39 
40 
77 
48 
47 
53 
73 
49 
60 
58 
84 
46 
42 
48 
87 
46 
50 
55 
75 
56 
46 
37 
61 
51 
42 
41 
78 
42 
54 
47 
93 
52 
46 
50 
78 
41 
58 
48 
95 
54 
55 
40 
73 
41 
64 
45 
66 
54 
51 
51 
83 
49 
41 
42 
89 
45 
37 
51 
77 
51 
56 
46 
86 
39 
48 
46 
83 
60 
54 
54 
83 
50 
39 
44 
74 
42 
57 
49 
71 
56 
57 
52 
55 
48 
45 
49 
73 
47 
41 
47 
84 
42 
52 
60 
72 
38 
56 
60 
93 
54 
50 
43 
93 
51 
43 
48 
88 
45 
46 
48 
77 
54 
36 
41 
87 
32 
49 
49 
66 
54 
33 
46 
74 
58 
50 
53 
76 
51 
36 
47 
81 
42 
48 
51 
76 
41 
56 
56 
82 
49 
41 
51 
82 
50 
59 
44 
59 
51 
43 
47 
77 
55 
46 
53 
77 
46 
37 
50 
81 
60 
34 
55 
82 
44 
46 
44 
79 
52 
47 
37 
76 
50 
34 
42 
79 
36 
48 
44 
67 
50 
51 
34 
90 
42 
36 
46 
64 
44 
54 
45 
66 
35 
55 
53 
71 
37 
52 
50 
70 
52 
49 
40 
76 
40 
49 
52 
70 
50 
53 
37 
71 
53 
55 
35 
66 
45 
54 
44 
64 
46 
36 
42 
90 
34 
51 
50 
67 
44 
48 
36 
78 
42 
34 
50 
76 
37 
47 
52 
79 
44 
46 
44 
82 
55 
33 
60 
81 
50 
38 
47 
77 
53 
46 
55 
77 
47 
43 
51 
59 
44 
59 
50 
81 
50 
41 
49 
82 
55 
56 
41 
76 
51 
48 
42 
81 
47 
36 
51 
76 
53 
50 
58 
74 
46 
33 
54 
67 
49 
49 
32 
87 
41 
36 
54 
77 
48 
46 
45 
88 
48 
43 
52 
93 
43 
50 
54 
93 
60 
56 
38 
72 
60 
52 
42 
84 
47 
41 
47 
73 
49 
44 
48 
55 
52 
57 
56 
71 
49 
57 
42 
74 
44 
39 
50 
83 
54 
54 
60 
83 
46 
48 
39 
86 
46 
56 
51 
77 
51 
37 
45 
89 
42 
41 
49 
83 
51 
51 
54 
66 
45 
64 
41 
73 
40 
55 
54 
94 
48 
58 
41 
78 
50 
46 
52 
93 
47 
54 
42 
78 
41 
42 
51 
61 
37 
46 
56 
75 
55 
50 
46 
87 
48 
42 
46 
84 
58 
60 
49 
72 
53 
47 
49 
77 
39 
39 
56 
78 
48 
56 
45 
69 
38 
45 
49 
85 
43 
48 
40 
68 
39 
52 
39 
71 
59 
48 
43 
82 
45 
44 
52 
74 
35 
42 
49 
70 
44 
37 
40 
64 
37 
56 
44 
73 
37 
59 
59 
65 
49 
44 
45 
70 
48 
42 
51 
88 
43 
45 
37 
65 
47 
58 
36 
93 
48 
59 
38 
65 
40 
37 
47 
82 
40 
55 
44 
104 
46 
38 
39 
60 
42 
57 
40 
95 
53 
47 
52 
78 
49 
47 
62 
77 
56 
54 
52 
92 
39 
34 
53 
78 
43 
50 
56 
75 
37 
56 
35 
76 
46 
51 
37 
94 
46 
46 
40 
79 
50 
56 
41 
73 
49 
41 
45 
79 
57 
56 
37 
105 
52 
51 
56 
81 
47 
55 
42 
68 
48 
35 
34 
80 
49 
47 
42 
93 
48 
55 
43 
79 
43 
52 
59 
97 
36 
42 
45 
108 
42 
57 
56 
71 
40 
47 
52 
78 
49 
48 
48 
71 
49 
51 
59 
86 
50 
42 
51 
62 
53 
47 
55 
83 
55 
45 
51 
79 
41 
43 
47 
85 
42 
57 
46 
72 
32 
47 
46 
66 
45 
39 
58 
75 
51 
41 
53 
83 
46 
49 
47 
67 
32 
43 
49 
74 
45 
47 
48 
88 
38 
50 
51 
64 
48 
44 
57 
88 
49 
56 
39 
75 
35 
41 
47 
88 
48 
61 
54 
70 
36 
38 
56 
71 
41 
41 
58 
73 
51 
48 
45 
84 
45 
56 
49 
94 
55 
48 
44 
71 
46 
39 
41 
83 
45 
38 
37 
89 
60 
51 
48 
71 
46 
53 
45 
91 
48 
40 
66 
70 
54 
36 
46 
70 
51 
57 
43 
85 
50 
56 
45 
86 
43 
39 
45 
75 
42 
51 
46 
74 
36 
56 
53 
66 
56 
51 
53 
76 
43 
49 
48 
67 
49 
47 
39 
74 
49 
49 
44 
80 
54 
46 
51 
63 
46 
56 
53 
62 
46 
52 
42 
71 
43 
49 
46 
93 
46 
42 
41 
74 
49 
47 
58 
75 
39 
55 
45 
96 
47 
53 
49 
66 
54 
57 
34 
87 
40 
54 
31 
77 
61 
52 
44 
96 
52 
50 
51 
73 
53 
50 
41 
81 
38 
45 
46 
90 
42 
48 
47 
69 
48 
36 
45 
77 
33 
63 
42 
76 
41 
41 
50 
82 
52 
56 
44 
